*** DO NOT EDIT THIS FILE - IT IS FORMATTED FOR INPUT ***
+++ Reactions, Amplitudes, and Scale Parameters +++
  1
  Primakoff	8
  Primakoff::Aplus::g1V00	-	1
  Primakoff::Aplus::g1V11	-	1
  Primakoff::Aplus::g1V10	-	1
  Primakoff::Aplus::g1V1-1	-	1
  Primakoff::Aminus::g1V00	-	1
  Primakoff::Aminus::g1V11	-	1
  Primakoff::Aminus::g1V10	-	1
  Primakoff::Aminus::g1V1-1	-	1
+++ Likelihood Total and Partial Sums +++
  -442709.42920604
  Primakoff	-442709.42920604
+++ Fitter Information +++
  lastMinuitCommand	1
  lastMinuitCommandStatus	0
  eMatrixStatus	3
  minuitPrecision	1e-13
  minuitStrategy	1
  estDistToMinimum	9.05321140417931e-05
  bestMinimum	-442709.42920604
+++ Parameter Values and Errors +++
  16
  Primakoff::Aplus::g1V00_re	0.919607710559419
  Primakoff::Aplus::g1V00_im	-0.149969780028402
  Primakoff::Aplus::g1V11_re	937.161771976576
  Primakoff::Aplus::g1V11_im	0
  Primakoff::Aplus::g1V10_re	-21.9724627700273
  Primakoff::Aplus::g1V10_im	-111.950586916424
  Primakoff::Aplus::g1V1-1_re	3.92489115973324
  Primakoff::Aplus::g1V1-1_im	-106.104827854605
  Primakoff::Aminus::g1V00_re	0.919607710559419
  Primakoff::Aminus::g1V00_im	-0.149969780028402
  Primakoff::Aminus::g1V11_re	937.161771976576
  Primakoff::Aminus::g1V11_im	0
  Primakoff::Aminus::g1V10_re	-21.9724627700273
  Primakoff::Aminus::g1V10_im	-111.950586916424
  Primakoff::Aminus::g1V1-1_re	3.92489115973324
  Primakoff::Aminus::g1V1-1_im	-106.104827854605
  5.43704180475208e-05	  0.00020842050349404	  -0.0206613043475841	  0	  0.0185727445305372	  -0.00575884880256966	  0.00173515907726989	  -0.15498959925972	  5.43704180475208e-05	  0.00020842050349404	  -0.0206613043475841	  0	  0.0185727445305372	  -0.00575884880256966	  0.00173515907726989	  -0.15498959925972	
  0.00020842050349404	  0.00130726422480951	  -0.102697180863311	  0	  0.114010430074118	  -0.0565563473873986	  0.0116957984515843	  -0.948042337878562	  0.00020842050349404	  0.00130726422480951	  -0.102697180863311	  0	  0.114010430074118	  -0.0565563473873986	  0.0116957984515843	  -0.948042337878562	
  -0.0206613043475841	  -0.102697180863311	  41.3317815184487	  0	  -8.80539419006923	  14.4754788652335	  2.84539209185259	  114.118525314664	  -0.0206613043475841	  -0.102697180863311	  41.3317815184487	  0	  -8.80539419006923	  14.4754788652335	  2.84539209185259	  114.118525314664	
  0	  0	  0	  0	  0	  0	  0	  0	  0	  0	  0	  0	  0	  0	  0	  0	
  0.0185727445305372	  0.114010430074118	  -8.80539419006923	  0	  66.2322603922506	  -3.65471017027468	  -4.81146685580908	  -106.559868762629	  0.0185727445305372	  0.114010430074118	  -8.80539419006923	  0	  66.2322603922506	  -3.65471017027468	  -4.81146685580908	  -106.559868762629	
  -0.00575884880256966	  -0.0565563473873986	  14.4754788652335	  0	  -3.65471017027468	  386.122723519587	  -11.2411780929674	  -120.357120845028	  -0.00575884880256966	  -0.0565563473873986	  14.4754788652335	  0	  -3.65471017027468	  386.122723519587	  -11.2411780929674	  -120.357120845028	
  0.00173515907726989	  0.0116957984515843	  2.84539209185259	  0	  -4.81146685580908	  -11.2411780929674	  42.0830702762263	  26.2436665516018	  0.00173515907726989	  0.0116957984515843	  2.84539209185259	  0	  -4.81146685580908	  -11.2411780929674	  42.0830702762263	  26.2436665516018	
  -0.15498959925972	  -0.948042337878562	  114.118525314664	  0	  -106.559868762629	  -120.357120845028	  26.2436665516018	  1130.06464095921	  -0.15498959925972	  -0.948042337878562	  114.118525314664	  0	  -106.559868762629	  -120.357120845028	  26.2436665516018	  1130.06464095921	
  5.43704180475208e-05	  0.00020842050349404	  -0.0206613043475841	  0	  0.0185727445305372	  -0.00575884880256966	  0.00173515907726989	  -0.15498959925972	  5.43704180475208e-05	  0.00020842050349404	  -0.0206613043475841	  0	  0.0185727445305372	  -0.00575884880256966	  0.00173515907726989	  -0.15498959925972	
  0.00020842050349404	  0.00130726422480951	  -0.102697180863311	  0	  0.114010430074118	  -0.0565563473873986	  0.0116957984515843	  -0.948042337878562	  0.00020842050349404	  0.00130726422480951	  -0.102697180863311	  0	  0.114010430074118	  -0.0565563473873986	  0.0116957984515843	  -0.948042337878562	
  -0.0206613043475841	  -0.102697180863311	  41.3317815184487	  0	  -8.80539419006923	  14.4754788652335	  2.84539209185259	  114.118525314664	  -0.0206613043475841	  -0.102697180863311	  41.3317815184487	  0	  -8.80539419006923	  14.4754788652335	  2.84539209185259	  114.118525314664	
  0	  0	  0	  0	  0	  0	  0	  0	  0	  0	  0	  0	  0	  0	  0	  0	
  0.0185727445305372	  0.114010430074118	  -8.80539419006923	  0	  66.2322603922506	  -3.65471017027468	  -4.81146685580908	  -106.559868762629	  0.0185727445305372	  0.114010430074118	  -8.80539419006923	  0	  66.2322603922506	  -3.65471017027468	  -4.81146685580908	  -106.559868762629	
  -0.00575884880256966	  -0.0565563473873986	  14.4754788652335	  0	  -3.65471017027468	  386.122723519587	  -11.2411780929674	  -120.357120845028	  -0.00575884880256966	  -0.0565563473873986	  14.4754788652335	  0	  -3.65471017027468	  386.122723519587	  -11.2411780929674	  -120.357120845028	
  0.00173515907726989	  0.0116957984515843	  2.84539209185259	  0	  -4.81146685580908	  -11.2411780929674	  42.0830702762263	  26.2436665516018	  0.00173515907726989	  0.0116957984515843	  2.84539209185259	  0	  -4.81146685580908	  -11.2411780929674	  42.0830702762263	  26.2436665516018	
  -0.15498959925972	  -0.948042337878562	  114.118525314664	  0	  -106.559868762629	  -120.357120845028	  26.2436665516018	  1130.06464095921	  -0.15498959925972	  -0.948042337878562	  114.118525314664	  0	  -106.559868762629	  -120.357120845028	  26.2436665516018	  1130.06464095921	
+++ Normalization Integrals +++
  Primakoff
39196	22050
8
Primakoff::Aplus::g1V00
Primakoff::Aplus::g1V11
Primakoff::Aplus::g1V10
Primakoff::Aplus::g1V1-1
Primakoff::Aminus::g1V00
Primakoff::Aminus::g1V11
Primakoff::Aminus::g1V10
Primakoff::Aminus::g1V1-1
(4201.41168825785,0)	(0.0138789323123609,-0.00157152574492745)	(-0.00212226238554909,0.00123953735917123)	(0.0203342755660522,-0.00416031708945601)	(0,-0)	(0,-0)	(0,-0)	(0,-0)	
(0.0138789323123609,0.00157152574492745)	(0.00243584511348181,0)	(-2.55275197067317e-06,-5.80712799221151e-22)	(1.52908091476823e-05,5.08351586502894e-22)	(0,-0)	(0,-0)	(0,-0)	(0,-0)	
(-0.00212226238554909,-0.00123953735917123)	(-2.55275197067317e-06,5.80712799221151e-22)	(0.00240669521209907,0)	(3.19985794734458e-05,-3.00871334976649e-22)	(0,-0)	(0,-0)	(0,-0)	(0,-0)	
(0.0203342755660522,0.00416031708945601)	(1.52908091476823e-05,-5.08351586502894e-22)	(3.19985794734458e-05,3.00871334976649e-22)	(0.00242972597749244,0)	(0,-0)	(0,-0)	(0,-0)	(0,-0)	
(0,0)	(0,0)	(0,0)	(0,0)	(23686.373045593,0)	(-0.146404924647569,0.018997352834692)	(-0.0414951048829345,0.0166441022545351)	(-0.0474699199967745,0.0134830898934808)	
(0,0)	(0,0)	(0,0)	(0,0)	(-0.146404924647569,-0.018997352834692)	(0.0136921913736646,0)	(-0.000169516289416794,-1.7775220397534e-22)	(0.000137484841058976,-1.19165341171083e-21)	
(0,0)	(0,0)	(0,0)	(0,0)	(-0.0414951048829345,-0.0166441022545351)	(-0.000169516289416794,1.7775220397534e-22)	(0.0135014475315593,0)	(2.65660023441641e-06,-1.27974913559097e-21)	
(0,0)	(0,0)	(0,0)	(0,0)	(-0.0474699199967745,-0.0134830898934808)	(0.000137484841058976,1.19165341171083e-21)	(2.65660023441641e-06,1.27974913559097e-21)	(0.0137268664776043,0)	
(2035.34781118926,0)	(0.0131324392657345,-0.0025762669404995)	(-0.000605824933449305,0.00027542735071388)	(0.00705572329150613,-0.000228766288210416)	(0,-0)	(0,-0)	(0,-0)	(0,-0)	
(0.0131324392657345,0.0025762669404995)	(0.00163652069745085,0)	(-0.000101178722490859,1.67768632941515e-23)	(2.86947039248188e-05,-1.84626624446966e-22)	(0,-0)	(0,-0)	(0,-0)	(0,-0)	
(-0.000605824933449305,-0.00027542735071388)	(-0.000101178722490859,-1.67768632941515e-23)	(0.00120591240370391,0)	(8.34805210418114e-05,2.70869730699893e-22)	(0,-0)	(0,-0)	(0,-0)	(0,-0)	
(0.00705572329150613,0.000228766288210416)	(2.86947039248188e-05,1.84626624446966e-22)	(8.34805210418114e-05,-2.70869730699893e-22)	(0.00160723299111342,0)	(0,-0)	(0,-0)	(0,-0)	(0,-0)	
(0,0)	(0,0)	(0,0)	(0,0)	(11885.4618977701,0)	(-0.00429963715111674,0.000707979211819637)	(-0.0727066668205666,0.0140936176372396)	(-0.110099950673247,0.0151872090842032)	
(0,0)	(0,0)	(0,0)	(0,0)	(-0.00429963715111674,-0.000707979211819637)	(0.00902671680830033,0)	(-0.00037727798774344,1.94104911083603e-22)	(8.69938245374192e-05,-3.44507241162614e-22)	
(0,0)	(0,0)	(0,0)	(0,0)	(-0.0727066668205666,-0.0140936176372396)	(-0.00037727798774344,-1.94104911083603e-22)	(0.00681639041092037,0)	(0.000477567795954713,2.48875464228734e-21)	
(0,0)	(0,0)	(0,0)	(0,0)	(-0.110099950673247,-0.0151872090842032)	(8.69938245374192e-05,3.44507241162614e-22)	(0.000477567795954713,-2.48875464228734e-21)	(0.00919268047754582,0)	
+++ Below these two lines is a config file that is   +++
+++ functionally equivalent to that used in the fit. +++
### FIT CONFIGURATION ###
fit twopi_primakoff
reaction Primakoff gamma Pi+ Pi- Pb208
sum Primakoff::Aplus
sum Primakoff::Aminus
amplitude Primakoff::Aplus::g1V00 TwoPiAngles_primakoff 0 0.7 0 0 0
amplitude Primakoff::Aplus::g1V00 TwoPiWt_primakoff 1.29 0. 1 2
amplitude Primakoff::Aplus::g1V11 TwoPiAngles_primakoff 0 0.7 1 2 0
amplitude Primakoff::Aplus::g1V11 BreitWigner 0.775 0.146 1 1 2
amplitude Primakoff::Aplus::g1V10 TwoPiAngles_primakoff 0 0.7 0 2 0
amplitude Primakoff::Aplus::g1V10 BreitWigner 0.775 0.146 1 1 2
amplitude Primakoff::Aplus::g1V1-1 TwoPiAngles_primakoff 0 0.7 -1 2 0
amplitude Primakoff::Aplus::g1V1-1 BreitWigner 0.775 0.146 1 1 2
amplitude Primakoff::Aminus::g1V00 TwoPiAngles_primakoff 0 0.7 0 1 0
amplitude Primakoff::Aminus::g1V00 TwoPiWt_primakoff 1.29 0. 1 2
amplitude Primakoff::Aminus::g1V11 TwoPiAngles_primakoff 0 0.7 1 3 0
amplitude Primakoff::Aminus::g1V11 BreitWigner 0.775 0.146 1 1 2
amplitude Primakoff::Aminus::g1V10 TwoPiAngles_primakoff 0 0.7 0 3 0
amplitude Primakoff::Aminus::g1V10 BreitWigner 0.775 0.146 1 1 2
amplitude Primakoff::Aminus::g1V1-1 TwoPiAngles_primakoff 0 0.7 -1 3 0
amplitude Primakoff::Aminus::g1V1-1 BreitWigner 0.775 0.146 1 1 2
scale Primakoff::Aplus::g1V00 1.0
scale Primakoff::Aplus::g1V11 1.0
scale Primakoff::Aplus::g1V10 1.0
scale Primakoff::Aplus::g1V1-1 1.0
scale Primakoff::Aminus::g1V00 1.0
scale Primakoff::Aminus::g1V11 1.0
scale Primakoff::Aminus::g1V10 1.0
scale Primakoff::Aminus::g1V1-1 1.0
constrain Primakoff::Aplus::g1V00 Primakoff::Aminus::g1V00
constrain Primakoff::Aplus::g1V11 Primakoff::Aminus::g1V11
constrain Primakoff::Aplus::g1V10 Primakoff::Aminus::g1V10
constrain Primakoff::Aplus::g1V1-1 Primakoff::Aminus::g1V1-1
constrain Primakoff::Aminus::g1V00 Primakoff::Aplus::g1V00
constrain Primakoff::Aminus::g1V11 Primakoff::Aplus::g1V11
constrain Primakoff::Aminus::g1V10 Primakoff::Aplus::g1V10
constrain Primakoff::Aminus::g1V1-1 Primakoff::Aplus::g1V1-1
initialize Primakoff::Aplus::g1V00 cartesian 10 0
initialize Primakoff::Aplus::g1V11 cartesian 2000 0 real
initialize Primakoff::Aplus::g1V10 cartesian 0 0
initialize Primakoff::Aplus::g1V1-1 cartesian 0 0
initialize Primakoff::Aminus::g1V00 cartesian 10 0
initialize Primakoff::Aminus::g1V11 cartesian 2000 0
initialize Primakoff::Aminus::g1V10 cartesian 0 0
initialize Primakoff::Aminus::g1V1-1 cartesian 0 0
data Primakoff ROOTDataReader treeFlat_DSelector_Z2pi_trees_sw1pw1000_TAG10_signal_100000_amptools_InTimeW.root
genmc Primakoff ROOTDataReader treeFlat_gen_2pi_primakoff_sw1pw1000_NOTAG_flat_100000_amptools.root
accmc Primakoff ROOTDataReader treeFlat_DSelector_Z2pi_trees_sw1pw1000_NOTAG_flat_100000_amptools.root
normintfile Primakoff twopi_primakoff_ni.txt
